[(1, 250, 192), (2, 250, 194), (3, 252, 194), (4, 252, 194), (5, 251, 193), (6, 251, 193), (7, 250, 193), (8, 252, 195), (9, 253, 194), (10, 251, 194), (11, 252, 194), (12, 252, 194), (13, 252, 194), (14, 251, 194), (15, 253, 195), (16, 252, 195), (17, 251, 194), (18, 254, 196), (19, 252, 195), (21, 251, 194), (22, 253, 195), (23, 253, 196), (24, 252, 195), (25, 253, 196), (26, 252, 195), (27, 253, 195), (28, 253, 195), (29, 253, 196), (30, 253, 195), (31, 253, 195), (32, 253, 195), (33, 255, 196), (34, 253, 195), (35, 253, 195), (36, 253, 196), (37, 253, 195), (38, 253, 195), (39, 253, 195), (40, 254, 195), (42, 253, 195), (43, 254, 195), (45, 254, 195), (46, 253, 195), (47, 254, 195), (49, 254, 195), (50, 254, 195)]
[(1, 116, 181), (2, 116, 181), (3, 114, 182), (4, 115, 181), (5, 116, 181)]
[(1, 146, 177), (2, 146, 177), (3, 145, 178), (4, 146, 176), (5, 146, 177), (6, 145, 177), (7, 146, 177), (8, 145, 178), (9, 143, 179), (10, 142, 180), (11, 143, 179)]
[(1, 337, 153), (3, 337, 154), (4, 336, 154), (5, 337, 154), (6, 337, 154), (7, 336, 154), (8, 336, 154), (9, 339, 155), (10, 337, 154), (11, 338, 153), (13, 339, 156), (15, 337, 155), (16, 339, 156), (17, 339, 155), (18, 337, 153), (19, 338, 155), (20, 339, 156), (21, 337, 154)]
[(1, 363, 236), (2, 363, 237), (3, 363, 236), (4, 361, 236), (5, 363, 237), (6, 362, 236), (8, 363, 236), (9, 362, 237)]
[(1, 433, 219), (2, 432, 219), (4, 431, 220), (5, 430, 219)]
[(1, 56, 264), (2, 59, 264), (3, 57, 265), (4, 62, 261), (5, 67, 260)]
[(1, 337, 242), (2, 338, 241), (4, 336, 241), (5, 337, 243)]
[(1, 449, 314), (2, 450, 315), (3, 451, 315), (4, 451, 314), (5, 450, 315), (6, 450, 314), (7, 450, 315), (8, 449, 314), (9, 450, 314), (10, 450, 315), (11, 450, 313), (12, 450, 314), (13, 450, 315), (14, 450, 314), (15, 449, 313), (16, 450, 314), (17, 451, 315), (18, 449, 312), (19, 450, 314), (20, 450, 314), (21, 451, 314), (22, 449, 314), (23, 450, 309), (24, 451, 315), (25, 451, 313), (26, 450, 311), (27, 450, 315), (28, 450, 314), (29, 449, 313), (30, 450, 311), (31, 451, 315), (32, 451, 314), (33, 451, 311), (34, 450, 314), (35, 451, 313), (36, 451, 314), (37, 450, 314), (38, 451, 313), (39, 449, 314), (40, 450, 314), (41, 451, 314), (42, 450, 312), (43, 450, 313), (44, 451, 311), (45, 450, 309), (46, 450, 313), (47, 451, 312), (48, 450, 314), (49, 451, 314), (50, 451, 313)]
[(1, 185, 311), (2, 185, 311), (3, 185, 311), (4, 186, 312), (5, 185, 311), (6, 186, 311), (7, 185, 311), (8, 186, 311), (9, 186, 311), (10, 187, 312), (11, 186, 312), (12, 185, 311), (13, 186, 312), (14, 186, 312), (15, 186, 311), (16, 186, 311), (17, 186, 312), (18, 186, 312), (19, 186, 312), (20, 186, 312), (21, 187, 312), (22, 186, 311), (23, 185, 311), (24, 186, 311), (25, 186, 312), (26, 186, 311), (27, 185, 312), (28, 186, 311), (29, 186, 312), (30, 187, 312), (31, 187, 312), (32, 187, 313), (33, 187, 312), (34, 186, 312), (35, 186, 312), (36, 187, 312), (37, 186, 312), (38, 186, 312), (39, 186, 310), (40, 185, 310), (41, 187, 311), (42, 187, 311), (43, 185, 311), (44, 186, 311), (45, 186, 311), (46, 186, 311), (47, 186, 311), (48, 186, 312), (49, 186, 311), (50, 186, 311)]
[(1, 449, 354), (2, 449, 354), (3, 449, 355), (4, 450, 355), (5, 449, 355), (6, 449, 354), (7, 449, 355), (8, 450, 355), (9, 449, 354), (10, 449, 355), (11, 450, 355), (12, 449, 355), (13, 449, 355), (14, 449, 355), (15, 450, 355), (16, 449, 355), (17, 450, 356), (18, 450, 355), (19, 449, 354), (20, 449, 355), (21, 450, 355), (22, 450, 356), (23, 450, 356), (24, 450, 356), (25, 450, 356), (26, 449, 355), (27, 450, 356), (28, 450, 356), (29, 449, 355), (30, 450, 356), (31, 450, 356), (32, 450, 355), (33, 449, 355), (34, 449, 355), (35, 451, 357), (36, 450, 355), (37, 450, 355), (38, 450, 355), (39, 450, 355), (40, 450, 355), (41, 451, 356), (42, 450, 355), (43, 450, 355), (44, 450, 356), (45, 450, 356), (46, 450, 355), (47, 449, 354), (48, 450, 356), (49, 450, 356), (50, 450, 355)]
[(1, 242, 343), (2, 243, 344), (3, 243, 343), (4, 243, 343), (5, 242, 344), (6, 243, 343), (7, 243, 344), (8, 243, 343), (9, 243, 344), (10, 243, 344), (11, 243, 344), (12, 243, 343), (13, 242, 344), (14, 243, 345), (15, 243, 343), (16, 244, 344), (17, 242, 345), (18, 244, 344), (19, 243, 343), (20, 243, 344), (21, 244, 345), (22, 244, 345), (23, 243, 344), (24, 242, 343), (25, 244, 345), (26, 244, 344), (27, 243, 343), (28, 243, 344), (29, 244, 344), (30, 244, 344), (31, 243, 343), (32, 244, 344), (33, 245, 344), (34, 243, 344), (35, 244, 345), (36, 243, 345), (37, 244, 344), (38, 243, 344), (39, 244, 344), (40, 243, 344), (41, 244, 344), (42, 244, 344), (43, 243, 344), (44, 243, 344), (45, 243, 344), (46, 245, 344), (47, 244, 344), (48, 243, 343), (49, 244, 343), (50, 244, 344)]
[(1, 189, 435), (2, 189, 435), (3, 190, 436), (4, 190, 435), (5, 190, 436), (6, 190, 436), (7, 191, 436), (8, 191, 436), (9, 191, 437), (10, 190, 436), (11, 190, 435), (12, 188, 435), (13, 190, 436), (14, 190, 435), (15, 191, 436), (16, 190, 436), (17, 189, 435), (19, 191, 437), (21, 190, 437), (22, 190, 436), (23, 190, 436), (24, 192, 436), (25, 190, 435), (26, 189, 435), (27, 192, 437), (28, 191, 437), (29, 190, 436), (30, 191, 436), (31, 191, 436), (32, 191, 437), (33, 190, 436), (34, 192, 437), (35, 192, 437), (36, 191, 437), (37, 192, 436), (38, 192, 437), (39, 191, 435), (40, 193, 435), (41, 193, 436), (42, 193, 435), (44, 193, 433), (45, 195, 433), (46, 194, 433), (47, 195, 435), (49, 195, 433), (50, 195, 431)]
[(1, 376, 365), (2, 374, 366), (3, 372, 365), (4, 371, 364)]
[(2, 109, 117), (3, 109, 117), (5, 109, 117), (6, 109, 117)]
[(2, 103, 37), (4, 99, 34), (6, 101, 37), (8, 100, 36), (9, 101, 35), (10, 100, 35), (11, 100, 34), (13, 100, 35), (14, 101, 36), (16, 99, 34)]
[(2, 139, 45), (3, 146, 45), (4, 146, 44), (5, 145, 45), (6, 147, 44), (8, 145, 44), (9, 146, 45), (10, 147, 44), (11, 146, 44), (12, 144, 45), (13, 145, 45), (14, 146, 44), (16, 145, 46), (17, 147, 45), (18, 146, 45), (20, 145, 45), (22, 146, 44), (23, 147, 45), (24, 146, 44), (25, 147, 45), (26, 146, 45), (27, 147, 45), (28, 146, 45), (29, 147, 44), (30, 146, 44), (31, 147, 44), (32, 146, 45), (33, 147, 44), (34, 147, 45), (35, 146, 45), (36, 147, 45), (38, 145, 44), (39, 147, 44), (40, 146, 45), (41, 146, 45), (43, 145, 45), (44, 147, 45), (45, 147, 44), (46, 146, 44), (47, 146, 45), (48, 146, 45), (49, 147, 44), (50, 146, 45)]
[(2, 145, 45), (3, 146, 45)]
[(2, 338, 45), (3, 338, 46), (4, 337, 46), (5, 338, 45), (6, 337, 46), (7, 338, 47), (8, 336, 47), (9, 337, 47), (11, 337, 45), (12, 337, 45), (14, 337, 46), (15, 337, 46), (16, 339, 45), (17, 339, 45), (18, 337, 46)]
[(3, 317, 446), (4, 317, 446), (5, 317, 447), (6, 317, 447), (7, 317, 446), (8, 316, 446), (9, 317, 448), (10, 316, 446), (11, 318, 443), (12, 320, 446), (13, 315, 447), (14, 315, 446), (16, 317, 447), (17, 318, 447), (18, 318, 441), (19, 319, 441), (20, 319, 441), (21, 318, 441), (22, 319, 442), (23, 319, 441), (24, 318, 442), (25, 319, 442), (26, 319, 442), (27, 318, 441), (28, 319, 441), (29, 319, 441), (30, 317, 441), (31, 319, 442), (32, 319, 441), (34, 317, 441), (36, 317, 441), (38, 319, 441), (39, 319, 441), (40, 318, 441), (41, 319, 441), (42, 319, 441), (44, 320, 441), (45, 319, 441), (46, 319, 441), (47, 319, 441), (48, 319, 441), (49, 319, 441), (50, 319, 441)]
[(4, 122, 168), (5, 122, 169)]
[(4, 298, 412), (5, 297, 411), (6, 299, 410), (7, 297, 413), (8, 298, 412), (9, 298, 410), (10, 295, 413), (11, 295, 414), (12, 291, 414), (13, 292, 415), (14, 293, 415), (15, 292, 415), (16, 290, 414), (17, 292, 417), (18, 291, 414), (19, 291, 415), (20, 291, 415), (21, 291, 416), (22, 291, 416), (23, 290, 415), (24, 291, 416), (25, 291, 416), (27, 291, 416), (28, 290, 417), (30, 290, 417), (31, 290, 417), (32, 289, 416), (34, 285, 414), (35, 285, 415), (37, 283, 414), (38, 284, 414), (39, 285, 415), (41, 284, 415), (42, 283, 414)]
[(4, 308, 421), (5, 306, 420)]
[(4, 28, 343), (5, 29, 344), (6, 31, 344), (7, 29, 344), (8, 29, 344), (9, 30, 343), (10, 32, 344), (11, 30, 344), (12, 31, 344), (13, 33, 344), (14, 32, 344), (15, 34, 345), (16, 41, 344)]
[(5, 115, 27), (6, 115, 24), (8, 116, 24), (9, 115, 23), (10, 116, 23), (11, 117, 21), (12, 115, 23), (13, 115, 20), (14, 115, 24), (15, 115, 21), (16, 115, 21), (17, 116, 22), (18, 115, 21), (20, 115, 21), (21, 115, 21), (22, 116, 21), (23, 115, 21), (24, 115, 22), (25, 116, 22), (26, 116, 22), (27, 114, 22), (28, 115, 23), (29, 115, 22), (30, 115, 22), (31, 114, 21), (32, 115, 24), (33, 116, 22), (34, 114, 19), (35, 115, 19), (36, 115, 22), (37, 113, 18), (38, 114, 18), (39, 115, 22), (40, 114, 18), (41, 114, 18), (42, 116, 19), (43, 115, 17), (44, 115, 17), (45, 115, 19), (46, 115, 20), (47, 116, 18), (48, 114, 18), (49, 116, 18), (50, 115, 20)]
[(6, 159, 28), (7, 162, 26), (8, 159, 26), (9, 161, 27), (10, 161, 27), (12, 159, 27), (13, 160, 27)]
[(6, 200, 24), (7, 202, 23), (8, 202, 23), (10, 201, 23), (12, 201, 23), (13, 201, 23), (14, 202, 22), (15, 201, 23), (16, 201, 23), (17, 201, 22), (18, 202, 23), (19, 202, 23), (20, 202, 23), (21, 201, 23), (22, 202, 22), (23, 201, 23), (24, 201, 23), (25, 202, 22), (26, 201, 22), (27, 201, 22), (28, 202, 22), (29, 201, 22), (30, 201, 23), (31, 201, 22), (32, 201, 22), (33, 201, 22), (34, 202, 22), (35, 202, 22), (37, 201, 22), (38, 201, 23)]
[(6, 234, 221), (7, 235, 221)]
[(7, 7, 312), (8, 8, 314)]
[(7, 346, 22), (8, 345, 22), (9, 346, 20), (10, 346, 20), (11, 345, 21), (12, 346, 20), (14, 346, 20), (15, 346, 20), (16, 346, 21), (17, 346, 20), (18, 346, 21), (19, 346, 21), (20, 347, 21), (21, 344, 22), (22, 345, 19), (23, 344, 21), (24, 347, 20), (25, 345, 18), (27, 346, 21), (29, 345, 20), (30, 345, 19), (31, 346, 19), (32, 345, 18), (33, 345, 19), (34, 346, 19), (35, 345, 18), (36, 346, 18), (37, 346, 18), (38, 345, 18), (39, 345, 17), (40, 346, 18), (42, 346, 18), (43, 346, 17), (44, 345, 18), (45, 346, 18), (46, 345, 18), (47, 346, 18), (48, 345, 19), (49, 346, 17), (50, 345, 19)]
[(8, 339, 241), (9, 338, 243)]
[(8, 91, 25), (9, 88, 26), (10, 87, 28)]
[(8, 284, 152), (9, 288, 149)]
[(8, 184, 23), (10, 187, 24)]
[(9, 138, 45), (10, 140, 45), (11, 139, 44), (12, 144, 45)]
[(10, 301, 406), (11, 301, 406), (12, 299, 406)]
[(10, 151, 414), (11, 152, 413), (12, 151, 415), (13, 152, 415), (14, 152, 415), (15, 151, 415), (16, 152, 414), (17, 152, 415), (18, 151, 414), (19, 152, 415), (20, 152, 414), (21, 152, 414), (22, 152, 415), (23, 152, 415), (24, 153, 415), (25, 153, 415), (26, 153, 415), (27, 152, 417), (28, 152, 415), (29, 152, 417), (30, 153, 418), (31, 152, 417), (32, 152, 416), (33, 152, 417), (34, 151, 417), (35, 151, 417), (36, 151, 416), (37, 151, 416), (38, 151, 416), (39, 151, 417), (40, 151, 416), (41, 151, 415), (42, 151, 416), (43, 151, 416)]
[(10, 115, 181), (11, 116, 180), (13, 115, 180)]
[(10, 347, 227), (11, 347, 228), (12, 346, 230), (13, 347, 228), (14, 347, 229), (15, 346, 230), (16, 346, 230), (17, 347, 228), (18, 346, 229), (19, 347, 228), (20, 346, 229), (21, 346, 229), (22, 347, 229), (23, 347, 229), (24, 347, 228), (25, 346, 230), (26, 346, 231), (27, 346, 229), (28, 347, 228), (29, 347, 228), (30, 347, 228), (31, 347, 228), (32, 347, 228), (34, 345, 232), (35, 344, 232), (36, 344, 233), (37, 345, 232), (38, 345, 231), (39, 345, 231), (40, 345, 231), (41, 344, 232), (42, 345, 231), (43, 344, 231), (44, 344, 232), (45, 344, 232), (46, 344, 232), (47, 344, 232), (48, 344, 232), (49, 344, 232), (50, 345, 231)]
[(10, 109, 118), (12, 109, 118)]
[(10, 121, 169), (11, 121, 169), (13, 122, 170)]
[(11, 74, 29), (12, 74, 28), (13, 74, 27), (14, 75, 27), (15, 74, 28), (16, 74, 28), (17, 74, 29), (18, 74, 28), (19, 75, 28), (20, 75, 27), (21, 75, 29), (22, 75, 28), (23, 74, 28), (24, 75, 29), (25, 74, 28), (26, 74, 28), (27, 74, 27), (28, 74, 28), (29, 74, 28), (30, 75, 27), (31, 75, 27), (32, 75, 27)]
[(11, 24, 57), (13, 24, 57)]
[(12, 106, 221), (13, 107, 221), (14, 106, 221), (15, 107, 220), (16, 106, 222), (17, 106, 221), (18, 107, 221), (19, 106, 221), (20, 107, 221), (21, 106, 221), (22, 106, 220), (23, 106, 222), (24, 106, 221), (25, 107, 221), (26, 106, 221), (27, 106, 221), (28, 106, 221), (29, 107, 220), (30, 105, 222), (31, 106, 221), (32, 106, 221), (33, 106, 221), (34, 107, 221), (35, 106, 221), (36, 106, 221), (37, 106, 221), (38, 106, 222), (39, 10